Матрица A
-140 24 5 30 1 -13 16 2 31 7 32 21 25 -3 
30 182 0 24 33 7 -3 -4 -6 -8 7 -12 16 9 
23 22 154 -2 29 13 -8 18 28 24 -3 9 -12 2 
9 0 19 168 5 14 15 21 13 4 23 31 24 5 
3 -2 15 27 168 25 15 -6 33 -2 34 22 26 25 
-2 21 17 22 34 28 21 11 34 34 28 -8 -1 20 
22 -5 13 23 0 -13 350 0 5 12 19 13 28 32 
32 24 0 8 21 5 20 -84 16 0 6 20 -6 25 
-14 10 14 28 -5 -12 -13 21 56 26 -12 -5 15 27 
-6 22 29 8 12 28 1 22 4 -140 14 20 24 -1 
-11 -8 -8 12 -6 24 -8 18 4 10 -168 26 29 34 
24 -9 19 19 1 27 13 24 24 8 -14 112 0 24 
19 14 11 24 34 22 26 -12 14 28 -13 -6 -154 16 
20 17 27 26 2 -7 2 1 3 29 8 -7 22 476 

Вектор B
22 
4 
7 
19 
1 
-8 
28 
24 
3 
4 
18 
12 
6 
-5 


Точность: 1e-08

Метод Якоби
Количество итераций: 53
X: 
-0.100773 
0.0411261 
0.0992737 
0.140522 
-0.00405583 
-0.197731 
0.0725922 
-0.261713 
0.0246794 
-0.0618982 
-0.139787 
0.171436 
-0.0205294 
-0.0142566 

Невязки: 
7.91989e-08 
-8.33007e-08 
2.80911e-08 
3.43282e-08 
4.44879e-08 
1.63701e-07 
4.36065e-08 
-1.12854e-07 
1.13553e-07 
-3.07265e-08 
7.29985e-08 
5.23055e-08 
-4.77032e-08 
7.96525e-08 

Норма невязок: 1.63701e-07


Метод Зейделя
Количество итераций: 32
X: 
-0.100773 
0.0411261 
0.0992737 
0.140522 
-0.00405583 
-0.197731 
0.0725922 
-0.261713 
0.0246794 
-0.0618982 
-0.139787 
0.171436 
-0.0205294 
-0.0142566 

Невязки: 
-2.05668e-07 
-2.52645e-07 
-2.76951e-07 
-2.44681e-07 
-3.05412e-07 
-2.82132e-07 
-1.05611e-07 
6.8117e-08 
-1.11537e-07 
-3.17593e-08 
2.31713e-08 
1.53692e-08 
1.02461e-08 
-1.77636e-15 

Норма невязок: 3.05412e-07

